000001
111111
011000
000111
101010
100001
000011
101011
110111
100011
100001
000010
000010
010111
101111
011110
000010
000100
001000
010000
100001
100000
010010
110111
101111
011110
111101
111011
110111
001000
000110
000000
000000
000001
101000
011100
111101
111011
110111
101111
011110
101100
010110
001000
010000
100001
000010
000000
000111
101111
011110
100110
000100
001000
000011
011110
111111
101100
001000
001010
011110
000011
011111
110000
000000
001001
111110
000101
010111
101111
000101
000010
000111
000111
101111
011111
011010
000100
001000
000000
011110
111101
111011
110111
100111
111011
010010
000100
001000
010000
100001
000010
001101
111110
011111
000001
111111
100101
111000
110000
100001
000010
000100
001000
010100
111010
011101
111011
110111
101111
011110
000010
000100
001000
010110
011110
111101
111111
001000
010000
000100
111101
111101
011000
011111
001000
0000