000000
000111
110101
011110
001111
011111
010110
000100
000111
001111
011111
101010
000100
001000
100111
011110
111101
111011
001110
110000
100001
000010
000100
001000
010000
100001
000010
011101
011100
011010
111001
111100
000111
111110
011010
110001
010110
011100
001000
010000
100001
000010
000100
001000
010000
111010
110001
111011
110111
100111
100011
000010
000110
100111
101111
011101
000010
000101
010111
101111
111001
010111
110000
010000
000001
111101
010111
100011
110111
110101
100001
000001
110011
110111
111010
100001
000010
001001
110111
101111
011110
110011
101100
001000
010000
100001
000010
000100
001000
010000
100111
010111
000110
101110
011111
000001
111111
100110
101100
010101
100111
000010
000100
001000
010000
100001
000010
000100
001110
101100
011110
111101
111001
111000
110000
100001
101001
111011
110111
010000
100001
010101
111011
111110
010101
111100
0001