000000
000001
000101
001011
010000
010110
011100
011111
011111
011111
011110
011110
011111
011111
011111
011111
011111
011111
011110
011111
011111
011111
011111
011111
011111
011111
011111
011111
011111
011111
011111
011111
011011
010111
010000
001010
000101
000001
000000
000001
000101
001010
010000
010111
011011
011111
011111
011111
011111
011111
011111
011111
011111
011111
011111
011111
011111
011111
011110
011111
011111
011111
011111
011111
011111
011110
011110
011111
011111
011111
011100
010110
010000
001011
000101
000001
000000
000001
000100
001011
010001
010111
011011
011110
011111
011111
011111
011110
011110
011111
011111
011111
011111
011111
011111
011111
011110
011110
011110
011111
011111
011111
011111
011111
011111
011111
011111
011111
011100
011000
010001
001011
000110
000001
000000
000001
000110
001011
010001
011000
011100
011111
011111
011111
011111
011111
011111
011111
011111
011111
011110
011110
011110
011111
011111
011111
011111
011111
011111
011111
011110
011110
011111
011111
011111
011110
011011
010111
010001
001011
000100
000001
