00000
00001
11110
10101
11100
01111
01111
10101
10000
10000
01110
01111
01111
11010
10000
10000
10001
00111
01111
01111
01111
01100
11101
10000
10000
10000
10000
10000
10000
10000
10000
10000
10011
10101
11000
11010
11100
11111
00000
00001
11110
10101
11100
01111
01111
10101
10000
10000
01110
01111
01111
11010
10000
10000
10001
00111
01111
01111
01111
01100
11101
10000
10000
10000
10000
10000
10000
10000
10000
10000
10011
10101
11000
11010
11100
11111
00000
11111
11100
11010
11000
10101
10011
10000
10000
10000
10000
10000
10000
10000
10000
10000
11101
01100
01111
01111
01111
00111
10001
10000
10000
11010
01111
01111
01110
10000
10000
10101
01111
01111
11100
10101
11110
00001
00000
11111
11100
11010
11000
10101
10011
10000
10000
10000
10000
10000
10000
10000
10000
10000
11101
01100
01111
01111
01111
00111
10001
10000
10000
11010
01111
01111
01110
10000
10000
10101
01111
01111
11100
10101
11110
00001
