01100110
01000010
11001100
01101110
11101001
00101110
01000011
00100101
00100010
11011110
10010100
10001100
00100101
11011010
10011111
01011001
10000011
01100110
00010011
00111101
00011111
00101111
00111101
01101010
00001100
11100111
11110001
01111101
01111101
01010110
11100110
01011110
00011100
11000111
01100011
00111101
01100111
00011000
00100001
11110001
11110100
10010011
00001111
00111100
01011010
11010010
00000011
00001011
00101011
10100110
10111011
10100101
01110011
10001100
01001011
10111110
00110000
10101111
00101110
01011110
10100000
11000111
00010100
11101101
11000110
01111100
01101111
01110010
01001110
10000010
10000010
11010001
11001011
10100100
01100000
11001111
10001000
01011001
11110000
11100000
10001100
10011111
10010110
00110101
01001101
01111000
00111011
11011000
00110001
00111001
00101011
00111010
01101111
01001111
11101100
01101110
00101111
11100111
11111010
01110000
00011100
01000010
01101000
10011000
01000011
10011010
10110110
00111000
00011110
01001011
01010001
01101100
10000010
00010101
01000011
11001101
00000111
11101101
10111010
01111101
10010100
00111100
01110101
11110110
10001011
10000101
00111011
