11010000
11100111
00100000
11101001
10100001
00011000
01000111
10001100
11110101
11110111
00101000
11111000
11110101
01111100
11001100
00100100
01101011
11101010
11001010
11110101
10100111
00001001
11011001
11101111
10101101
11000001
10111110
01100100
10100111
00101011
10110100
00001000
01000110
00001011
00011000
11010010
10110001
01010001
11110011
00001000
01110000
01100001
11000011
11001011
00101111
01111101
01110010
10100101
10110101
11000001
01000110
10101110
10100111
00101001
00011110
01111111
11110101
01010111
10010101
00111001
11000000
01000001
10000001
10110010
11100100
11110101
10001100
00100011
00100110
01000001
11010111
01000001
11010000
00111110
11101101
01011001
00110010
01000000
10011101
01111001
01011010
11010100
10010101
10001100
11101010
01001001
11000001
11000000
01100001
10010001
00010011
00001101
10000111
11000111
11101111
00100001
10010001
01111000
00000011
01010110
00101001
11001011
01001111
10000111
00101010
10011010
01000011
10100111
10110000
10111111
01110011
00010101
00111010
11101001
00100111
11010011
10001001
11111111
00010100
01110001
00011011
11110110
00000001
11000110
11010001
11011110
00010101
